1605953616 24
1605953718 1159999
1605954368 1160017
1605954562 1160446
1605954653 1160447
1605954684 1160449
1605954722 1160430
1605956624 1160477
1605959485 1160477
1605959493 1160481
1605964353 1160482
1605964871 1160497
1605967315 1160502
1605973386 1160503
1605973539 1160505
1605974971 1160545
1605976877 1158623
1605978158 1158624
1605981668 1158767
1605983223 1158828
1606031645 1158782
1606031694 1158675
1606043570 1158722
1606043592 1158722
1606193551 1158722
1606194536 1158726
1606227732 1158731
1606228196 1158731
1606228404 1158732
1606241110 1158933
1606241138 1158933
1606352988 1159010
1606365707 1159028
1606376916 1159346
1606398035 1159344
1606398043 1159344
1606401517 1159387
1606411735 1159351
1606411783 1159422
1606412724 1159465
1606469950 1159781
1606475746 1159806
1606487208 1159997
1606490685 1160013
1606490805 1160013
1606492425 1160030
1606492520 1160127
1606495067 1160127
1606505887 1161151
1606507076 1156714
1606507629 1154972
1606511745 1154988
1606511833 1154972
1606519720 1155006
1606519864 1155021
1606519941 1155044
1606520049 1155101
1606520287 1155101
1606526207 1155274
1606526213 1155278
1606526297 1155278
1606526637 1155283
1606582913 1155490
1606582929 1155657
1606585269 1155715
1606591082 1155736
1606591204 1155732
1606642466 1155732
1606657481 1155807
1606659694 1155815
1606667840 1155910
1606674232 1156079
1606675881 1156099
1606679751 1156183
1606682118 1156217
1606682395 1156221
1606683303 1156341
1606685580 1156325
1606687575 1156334
1606688587 1156359
1606695221 1156403
1606698554 1156422
1606726415 1156523
1606728036 1156893
1606728754 1156913
1606734105 1156916
1606734178 1156968
1606734220 1157052
1606734248 1157116
1606739500 1157128
1606741607 1157131
1606742943 1157125
1606742998 1157381
1606743225 1157243
1606746540 1157347
1606746666 1157385
1606838529 1157607
1606839272 1157609
1606841251 1157609
